idx,Counts,Wavelength,Wavelengthstd,Wavenumber,Wavenumberstd,Frequency,Frequencystd,Power,Powerstd,MotorPosition,scan No.
0,32.0,910.6018405663945,0.0010569450566267717,10981.748064327952,0.012746626915249032,329.22452453416184,0.0003821342614138378,0.0,0.0,-0.052,0.0
0,34.0,910.6031204410904,0.0009295450267394182,10981.732629212256,0.011210178425872014,329.22406180103445,0.0003360726944925296,0.0,0.0,-0.05142803225806451,0.0
0,20.0,910.6031219656386,0.0006610787713401769,10981.732610820785,0.007972504607764984,329.22406124967205,0.0002390096752805098,0.0,0.0,-0.05085606451612903,0.0
0,26.0,910.6027492305459,0.0010567332365310669,10981.737105959113,0.012744047552333071,329.2241960105289,0.00038205693405688786,0.0,0.0,-0.05028409677419354,0.0
0,34.0,910.6013588178403,0.00121862617367759,10981.753874165195,0.01469649430112579,329.22469870870066,0.0004405898150531311,0.0,0.0,-0.049712129032258065,0.0
0,46.0,910.5991391468858,0.000807089775912221,10981.780643210983,0.009733468135620474,329.2255012245042,0.00029180203372110124,0.0,0.0,-0.04914016129032258,0.0
0,44.0,910.5972423139447,0.0010395000583487905,10981.803518975907,0.012536384331428962,329.22618702268363,0.0003758313473225408,0.0,0.0,-0.048568193548387095,0.0
0,48.0,910.5947380528023,0.0009505343859207605,10981.83372044813,0.011463512131859999,329.227092440043,0.0003436674479350492,0.0,0.0,-0.04799622580645161,0.0
0,32.0,910.5928003815004,0.0005598357265195516,10981.857088936125,0.006751687438168526,329.2277930096886,0.00020241049726728183,0.0,0.0,-0.047424258064516125,0.0
0,24.0,910.5918604726994,0.00030038151903342443,10981.868424356402,0.003622644273166617,329.22813283703925,0.00010860414311209388,0.0,0.0,-0.04685229032258064,0.0
0,22.0,910.5903521204539,0.0002402639143120885,10981.886615330495,0.002897627477564145,329.228678188723,8.686868640131527e-05,0.0,0.0,-0.046280322580645156,0.0
0,28.0,910.5893290619113,0.0005885348984423175,10981.898953621796,0.007097852974669155,329.2290480813906,0.00021278827897929496,0.0,0.0,-0.04570835483870968,0.0
0,18.0,910.5871721041591,0.0008036816940459525,10981.926352979568,0.00887142621615699,329.2298279444038,0.00029057727263346065,0.0,0.0,-0.04513638709677419,0.0
0,26.0,910.5848486563212,0.0017483150214467954,10981.952988557936,0.021085248920537022,329.23066800802286,0.0006321198601447796,0.0,0.0,-0.04456441935483871,0.0
0,72.0,910.5810347179238,0.0008743310924057461,10981.998986072644,0.01054481430514863,329.2320469788225,0.0003161255799680987,0.0,0.0,-0.04399245161290322,0.0
0,32.0,910.5783818562775,0.0010257539930942792,10982.030980822312,0.0123711179297578,329.23300615728715,0.00037087678524052106,0.0,0.0,-0.04342048387096774,0.0
0,28.0,910.5757804128771,0.0005206132362741523,10982.062355610895,0.006278889355438087,329.233946749786,0.00018823636733518106,0.0,0.0,-0.04284851612903225,0.0
0,30.0,910.5734124532219,0.000909851584677563,10982.090914634195,0.010973390324015984,329.2348029277653,0.00032897396579037376,0.0,0.0,-0.04227654838709677,0.0
0,32.0,910.5696159815512,0.0011342815014825475,10982.136702679221,0.01368026480229342,329.23617561882185,0.000410124021114179,0.0,0.0,-0.04170458064516129,0.0
0,66.0,910.5661668153023,0.0010166616415412172,10982.178302305461,0.012261772660887823,329.23742274424205,0.00036759869655178463,0.0,0.0,-0.041132612903225806,0.0
0,30.0,910.5637651693565,0.0005964313367856778,10982.207268202004,0.007193492422844478,329.2382911199744,0.00021565547750581753,0.0,0.0,-0.04056064516129032,0.0
0,32.0,910.5597359554944,0.0012021569543183943,10982.255864327173,0.014499210498305937,329.2397479951557,0.0004346753954243951,0.0,0.0,-0.039988677419354836,0.0
0,38.0,910.5537862097857,0.001909271005807813,10982.327624674806,0.023028052169355995,329.2418993162561,0.0006903636362859657,0.0,0.0,-0.03941670967741935,0.0
0,30.0,910.547950814884,0.0009041138746917301,10982.398006673324,0.010904792025352099,329.24400931548956,0.00032691744052236243,0.0,0.0,-0.038844741935483866,0.0
0,26.0,910.5450046329728,0.0010775143675678877,10982.433541596172,0.01299632107038054,329.2450746256762,0.000389619903865758,0.0,0.0,-0.03827277419354838,0.0
0,24.0,910.5418697263658,0.000862728075853732,10982.47135303526,0.010405766471760142,329.2462081841026,0.00031195703079643265,0.0,0.0,-0.0377008064516129,0.0
0,22.0,910.5391027038813,0.0008430901876294134,10982.504727488566,0.010168977398317349,329.2472087250418,0.0003048582729571997,0.0,0.0,-0.03712883870967742,0.0
0,20.0,910.5363863812587,0.0006476568319100498,10982.537490619152,0.007811789288500598,329.24819093898674,0.0002341915512219195,0.0,0.0,-0.03655687096774193,0.0
0,34.0,910.5347496958569,0.0006822627071411487,10982.557231721123,0.008229221144096431,329.24878276233505,0.00024670584342326407,0.0,0.0,-0.03598490322580645,0.0
0,42.0,910.532744858919,0.00026258096512094605,10982.581413423264,0.0031671755072500995,329.24950771152743,9.494953302127936e-05,0.0,0.0,-0.035412935483870964,0.0
0,38.0,910.5313950175657,0.0006516558938427837,10982.59769484632,0.007860110910779011,329.24999581631124,0.00023564019701181402,0.0,0.0,-0.03484096774193548,0.0
0,38.0,910.5308364830804,0.0005951101664276727,10982.604431750175,0.007178076726847461,329.2501977836078,0.00021519332656460592,0.0,0.0,-0.034268999999999994,0.0
0,18.0,910.5303241534181,0.0007424795567238508,10982.610611353699,0.00895562024552559,329.2503830434607,0.0002684827406312989,0.0,0.0,-0.033697032258064516,0.0
0,24.0,910.5294347367269,0.0011616198667472148,10982.619131960035,0.012566354990214475,329.2506384848125,0.0003767298450582425,0.0,0.0,-0.033125064516129024,0.0
0,12.0,910.5285714768072,0.001092923369733639,10982.631751791358,0.013182636179923955,329.2510168178377,0.00039520549033878936,0.0,0.0,-0.032553096774193546,0.0
0,38.0,910.528725388933,0.001116019397319213,10982.629895331986,0.013461237955847315,329.2509611625858,0.0004035577614590505,0.0,0.0,-0.03198112903225806,0.0
0,26.0,910.5285411652656,0.0012362106180487337,10982.632117408146,0.014910959091727504,329.2510277787533,0.0004470193077170926,0.0,0.0,-0.031409161290322576,0.0
0,30.0,910.5289316506323,0.00088824176784133,10982.62740743585,0.010713804849944357,329.250886577336,0.0003211917890475786,0.0,0.0,-0.03083719354838709,0.0
0,12.0,910.5296940499323,0.0008384834834081735,10982.618211526546,0.010113611089897353,329.2506108909107,0.00030319843279050105,0.0,0.0,-0.03026522580645161,0.0
0,18.0,910.5287063925362,0.0013893130211498131,10982.630124472102,0.01675764997376229,329.25096803203377,0.0005023817075908472,0.0,0.0,-0.029693258064516125,0.0
0,26.0,910.5292032905054,0.0012204617818793592,10982.62413097744,0.014720983435597614,329.250788351584,0.0004413239808306188,0.0,0.0,-0.02912129032258064,0.0
0,26.0,910.5286162459294,0.0008516294701892746,10982.63121178807,0.01027220789934503,329.25104317235645,0.00037232143320094213,0.0,0.0,-0.02854932258064516,0.0
0,42.0,910.5285171089943,0.0010043675146112034,10982.632407563708,0.012114505124571944,329.2510364773982,0.00036318372686712866,0.0,0.0,-0.027977354838709674,0.0
0,134.0,910.5284454857949,0.000792753673167925,10982.633271464985,0.00956204990998529,329.25106237650687,0.00028666304460102246,0.0,0.0,-0.02740538709677419,0.0
0,20.0,910.5286553277565,0.0010264919075074084,10982.630740394525,0.012381353514132049,329.2509864969234,0.0003711836403377355,0.0,0.0,-0.026833419354838704,0.0
0,22.0,910.5249916320332,0.0013059707916319556,10982.674931411253,0.01575247458787838,329.2523113102761,0.00047224730762054657,0.0,0.0,-0.026261451612903223,0.0
0,32.0,910.5215077115897,0.0009355610110563702,10982.716954312831,0.0112847354415864,329.25357112517173,0.0003383078575927706,0.0,0.0,-0.025689483870967738,0.0
0,48.0,910.5163903781228,0.002236815659828941,10982.778680027399,0.026980835559102342,329.25542161554097,0.0008088651011160667,0.0,0.0,-0.025117516129032253,0.0
0,20.0,910.5049306637233,0.0008889555507533197,10982.916910422346,0.010722974681834169,329.2595656585281,0.00032146669369888427,0.0,0.0,-0.02454554838709677,0.0
0,28.0,910.5017249260242,0.00029148118603999624,10982.955579588273,0.0035160013835323824,329.26072493095836,0.00010540706970398461,0.0,0.0,-0.023973580645161287,0.0
0,32.0,910.4993486507574,0.0005724947551055844,10982.984243561146,0.006905772691760417,329.26158425524665,0.0002070298569629764,0.0,0.0,-0.023401612903225802,0.0
0,28.0,910.4976447709156,0.000458778109211224,10983.004796809302,0.0055340745200240975,329.2622004261251,0.00016590738031163496,0.0,0.0,-0.022829645161290317,0.0
0,30.0,910.4955813529047,0.0004980442855843606,10983.029687133681,0.006007757159150053,329.2629466192777,0.0001801080285798404,0.0,0.0,-0.022257677419354836,0.0
0,16.0,910.4920808447587,0.000947529855413316,10983.071912863628,0.011429857513780829,329.2642125148149,0.00034265850785521017,0.0,0.0,-0.02168570967741935,0.0
0,38.0,910.4802884286673,0.00150224903174541,10983.214164125955,0.01812179135005917,329.26847710037356,0.000543277637224463,0.0,0.0,-0.021113741935483866,0.0
0,20.0,910.4711102794921,0.0013228687200498477,10983.324882160576,0.01595821039429694,329.271796343548,0.00047841511194472415,0.0,0.0,-0.020541774193548384,0.0
0,18.0,910.4648698604451,0.0008801030602203192,10983.40016297623,0.010617117682997964,329.27405320562445,0.0003182931807089118,0.0,0.0,-0.0199698064516129,0.0
0,26.0,910.4608764630477,0.0005078954684578683,10983.448337561791,0.006127052100516467,329.2754974433663,0.00018368440094962733,0.0,0.0,-0.019397838709677415,0.0
0,30.0,910.456163994518,0.000723701806228333,10983.505187259658,0.008730549615526427,329.2772017544323,0.00026173529288660557,0.0,0.0,-0.01882587096774193,0.0
0,32.0,910.4502114070859,0.0008551142909596112,10983.576998190803,0.010316013490503343,329.2793545919882,0.0003092663041148415,0.0,0.0,-0.018253903225806445,0.0
0,16.0,910.4459674834785,0.0010057386562409788,10983.628196687761,0.012133238196558557,329.2808894843131,0.0003637453302444346,0.0,0.0,-0.01768193548387096,0.0
0,34.0,910.441950566558,0.0009184283337838283,10983.676657020567,0.011080028408344328,329.2823422885419,0.00033217089513447095,0.0,0.0,-0.017109967741935482,0.0
0,20.0,910.4376208069398,0.00046350099068073037,10983.728891979863,0.005591782373778065,329.283908253226,0.00016763741823873205,0.0,0.0,-0.016537999999999997,0.0
0,22.0,910.4192273620035,0.0007801275006601786,10983.95079921913,0.009412014791122749,329.29056086489675,0.0002821651048919479,0.0,0.0,-0.015966032258064512,0.0
0,32.0,910.4166097358266,0.00025687321212997355,10983.98238022313,0.0030991204923462123,329.2915076395783,9.290929500919278e-05,0.0,0.0,-0.015394064516129027,0.0
0,32.0,910.4150396464945,0.0001425049556445379,10984.001323048386,0.0017192980772645526,329.29207553119284,5.154325966525841e-05,0.0,0.0,-0.014822096774193542,0.0
0,26.0,910.4137688883126,0.00019834217987766035,10984.01665454958,0.0023929711559278442,329.29253515803555,7.173947047451053e-05,0.0,0.0,-0.014250129032258058,0.0
0,30.0,910.4122846088183,0.00024550238777125004,10984.034562206596,0.0029619624242406897,329.2930720160869,8.879739957417081e-05,0.0,0.0,-0.013678161290322573,0.0
0,12.0,910.4107220573457,0.0002715052576877178,10984.053414268777,0.003275694851543452,329.2936371866928,9.820286112059286e-05,0.0,0.0,-0.013106193548387095,0.0
0,36.0,910.4080821627764,0.00037167450859091657,10984.085264539333,0.004484257907407638,329.29459203378264,0.0001344346700276083,0.0,0.0,-0.01253422580645161,0.0
0,32.0,910.4042137724795,0.0008910374235538527,10984.131936925212,0.010750475794741098,329.2959912367111,0.00032229115631135876,0.0,0.0,-0.011962258064516125,0.0
0,30.0,910.3911220108723,0.00189927763768842,10984.289892849041,0.022915673651170487,329.30072663617705,0.0006869946130619848,0.0,0.0,-0.01139029032258064,0.0
0,49.0,910.3849464184348,0.001188683170504003,10984.36440470404,0.014342202229023425,329.30296044539307,0.0004299684059334141,0.0,0.0,-0.010818322580645155,0.0
0,32.0,910.3769111905419,0.0007142883111867754,10984.461355603464,0.008618482124377942,329.30586696023744,0.0002583755940373728,0.0,0.0,-0.01024635483870967,0.0
0,67.0,910.3738818633334,0.000318814102771967,10984.49790709444,0.0038467854809006597,329.3069627463698,0.0001153237274651168,0.0,0.0,-0.009674387096774185,0.0
0,34.0,910.371081062129,0.0003427854840659446,10984.531701440284,0.004136046040618421,329.30797587537046,0.00012399554088874404,0.0,0.0,-0.009102419354838708,0.0
0,38.0,910.3681511056471,0.00032538858330021853,10984.56705439027,0.0039261609475673516,329.3090439992898,0.00012039721726183349,0.0,0.0,-0.008530451612903223,0.0
0,18.0,910.3639197891162,0.0004006634285609677,10984.618109995414,0.004834478290883267,329.31056633868394,0.00014493401299474614,0.0,0.0,-0.007958483870967738,0.0
0,20.0,910.3594709320593,0.0004265185794047163,10984.671790983653,0.0051465045952390895,329.31217565422514,0.0001542883262723998,0.0,0.0,-0.007386516129032253,0.0
0,36.0,910.3546835233523,0.0010020477243449777,10984.729557614888,0.012091150758970852,329.313907454262,0.00036248358060792695,0.0,0.0,-0.006814548387096768,0.0
0,6.0,910.3384365394637,0.0034985657787494975,10984.92560432956,0.04221667282556705,329.31978478690945,0.0012656240114926835,0.0,0.0,-0.006242580645161283,0.0
0,28.0,910.3308250182248,0.000612733818587152,10985.017452094224,0.007393897192734092,329.32253831362243,0.000221663461357514,0.0,0.0,-0.005670612903225798,0.0
0,24.0,910.3289291955373,0.00032152334763052386,10985.040329145977,0.0038798574481694573,329.32322415038004,0.0001163152001082298,0.0,0.0,-0.00509864516129032,0.0
0,34.0,910.3268932234616,0.0005537999323809654,10985.064897504857,0.006682796644846178,329.3239606912499,0.00020034520324467285,0.0,0.0,-0.004526677419354835,0.0
0,24.0,910.3237151080723,0.0006642534733393202,10985.103248483578,0.008015711761448467,329.3251104246677,0.00024030499315656756,0.0,0.0,-0.0039547096774193505,0.0
0,20.0,910.320892812595,0.0005064447278495625,10985.137305929948,0.0061114350590782225,329.3261314412237,0.00018321621382520322,0.0,0.0,-0.0033827419354838656,0.0
0,20.0,910.3161182530661,0.0005666668285407182,10985.194922390572,0.006838226125544,329.3278587392589,0.000205004861858986,0.0,0.0,-0.0028107741935483807,0.0
0,32.0,910.3033277802936,0.002387110844331437,10985.349273030799,0.02880713671238594,329.3324860550416,0.0008636162323022693,0.0,0.0,-0.002238806451612896,0.0
0,32.0,910.2945736348144,0.000513126745353643,10985.454917162791,0.0061924222179686435,329.3356531864419,0.00018564414777078885,0.0,0.0,-0.001666838709677411,0.0
0,44.0,910.2900969811529,0.0003960484803232612,10985.508941781818,0.004779569834284105,329.3372728037749,0.00014328789888016342,0.0,0.0,-0.001094870967741933,0.0
0,28.0,910.2862978756815,0.0004018461222501146,10985.554790112477,0.004849576950009324,329.33864730214935,0.00014538665941137626,0.0,0.0,-0.0005229032258064481,0.0
0,26.0,910.2813799312069,0.0006844194229774797,10985.614141378337,0.008259831429322054,329.3404266083371,0.00024762351668075356,0.0,0.0,4.9064516129036784e-05,0.0
0,42.0,910.273088637952,0.0008577737543568319,10985.714204703061,0.010352126929582922,329.34342643134454,0.00031034895777737857,0.0,0.0,0.0006210322580645217,0.0
0,30.0,910.2647583037399,0.0008133138772112545,10985.814741024118,0.00981573007048112,329.3464404344254,0.00029426818449419367,0.0,0.0,0.0011930000000000066,0.0
0,34.0,910.2492839232075,0.0010144979447589213,10986.001501601912,0.012244200506115752,329.3521673056684,0.0003400713219933153,0.0,0.0,0.0017649677419354914,0.0
0,26.0,910.2423449475033,0.0005571535099867543,10986.085250275279,0.006724510230325572,329.35455009775706,0.00020159574506752265,0.0,0.0,0.0023369354838709763,0.0
0,18.0,910.2379751282444,0.0005610449525264755,10986.137991655303,0.006771545729093699,329.3561312445526,0.0002030058338608642,0.0,0.0,0.0029089032258064543,0.0
0,30.0,910.2342231519688,0.0006734883678840712,10986.183276406999,0.008128746359731851,329.35748884725473,0.00024369368516562965,0.0,0.0,0.003480870967741939,0.0
0,32.0,910.2285140215903,0.0007957401093127,10986.252183888899,0.009604398539834861,329.3595546415921,0.00028793262458241597,0.0,0.0,0.004052838709677424,0.0
0,12.0,910.2103553986232,0.0015101895905051258,10986.471358753182,0.01822839124541065,329.3661253387216,0.0005464734216794706,0.0,0.0,0.004624806451612909,0.0
0,22.0,910.2056660346541,0.0006289499634306618,10986.527960840056,0.007591667281269175,329.36782222659684,0.00022759245945511015,0.0,0.0,0.005196774193548394,0.0
0,65.0,910.2030266486229,0.0002632118575965164,10986.55981931959,0.003177085389915759,329.3687773197856,9.524662383701016e-05,0.0,0.0,0.005768741935483879,0.0
0,28.0,910.1997648355527,0.001011113545358005,10986.599191023804,0.012204684268915226,329.3699576537838,0.00036588722960844523,0.0,0.0,0.006340709677419364,0.0
0,26.0,910.1953130864538,0.0006574666010884392,10986.652926277351,0.007936045342061765,329.371568596158,0.00023791665399267985,0.0,0.0,0.0069126774193548485,0.0
0,36.0,910.19102464619,0.0009645920303532452,10986.704690807555,0.011643363457162081,329.3731204577326,0.00034905925502802597,0.0,0.0,0.007484645161290326,0.0
0,12.0,910.1850708343458,0.000955507842985449,10986.776558358895,0.011533872837930564,329.37527499271926,0.0003457768088413475,0.0,0.0,0.008056612903225811,0.0
0,44.0,910.1778507949239,0.001402833687494855,10986.86371162519,0.01693376476861669,329.3778877819119,0.0005076614963075562,0.0,0.0,0.008628580645161296,0.0
0,36.0,910.1714801763752,0.0010302408339495847,10986.940612635972,0.012436331823389102,329.3801932162163,0.0003728318485857516,0.0,0.0,0.009200548387096781,0.0
0,30.0,910.1640532735212,0.0009201094813195977,10987.030265636115,0.01110709486574479,329.38288094554434,0.00033298232709932213,0.0,0.0,0.009772516129032266,0.0
0,26.0,910.1582026185748,0.0007897816217111705,10987.100892171255,0.00953395512669136,329.3849982758013,0.0002858207841914396,0.0,0.0,0.01034448387096775,0.0
0,24.0,910.1534534282273,0.0006624813373874282,10987.15822297748,0.007997326779093107,329.38671701013305,0.00023975382525868893,0.0,0.0,0.010916451612903229,0.0
0,22.0,910.1500131273531,0.0005296887364172946,10987.199753634606,0.006394326698069676,329.38796206791125,0.0001916970918021495,0.0,0.0,0.01148841935483872,0.0
0,36.0,910.1477284936169,0.0003648924600206123,10987.227333470995,0.004404952857846583,329.38878889060555,0.0001320571644589306,0.0,0.0,0.012060387096774199,0.0
0,32.0,910.1452569373054,0.0007349857427240238,10987.257169978708,0.008872736745142561,329.389683366604,0.00026599795580993345,0.0,0.0,0.01263235483870969,0.0
0,34.0,910.1309855472961,0.004037165850228294,10987.429456852726,0.0487379852121765,329.3948483971484,0.00146112803847139,0.0,0.0,0.013204322580645168,0.0
0,42.0,910.1214951271455,0.0005648402397588288,10987.544029609844,0.006819097771830819,329.3982832019959,0.00020443140824151458,0.0,0.0,0.013776290322580646,0.0
0,40.0,910.118920463424,0.00034522509091191445,10987.575112612243,0.0041677927542908035,329.39921504696514,0.000124947283419576,0.0,0.0,0.014348258064516138,0.0
0,28.0,910.1168722453629,0.00028410549518188583,10987.599840150006,0.003429931380558243,329.3999563598977,0.00010282675593587879,0.0,0.0,0.014920225806451616,0.0
0,42.0,910.1143517606175,0.0003892960969925024,10987.630269379684,0.0046998951070674685,329.4008686052538,0.00014089931064125395,0.0,0.0,0.015492193548387108,0.0
0,28.0,910.108972255012,0.0008503078721296269,10987.695215476611,0.010265735181775518,329.40281564025724,0.00030775899833325243,0.0,0.0,0.016064161290322586,0.0
0,38.0,910.1034876455972,0.0011634622177295426,10987.761431269711,0.01404658087676289,329.40480073979444,0.0004211059007576273,0.0,0.0,0.016636129032258078,0.0
0,42.0,910.0982245029434,0.0005157946374303346,10987.824974018362,0.006227306401283548,329.40670570347504,0.00018668994927466286,0.0,0.0,0.017208096774193556,0.0
0,38.0,910.0935386315235,0.0011196094858560357,10987.881547925052,0.013517432325806872,329.40840174652965,0.00040524242628959476,0.0,0.0,0.017780064516129034,0.0
0,28.0,910.0880776283766,0.0007662544059735263,10987.94748093653,0.009251375583751054,329.41037836848693,0.00027734926261959174,0.0,0.0,0.018352032258064525,0.0
0,32.0,910.0745555782336,0.0016836651793253872,10988.11074185074,0.020328327490036005,329.41527280756367,0.0006094279265386753,0.0,0.0,0.018924000000000003,0.0
0,54.0,910.0679893428048,0.0006314068783253105,10988.190022183064,0.007623628631860887,329.41764957213354,0.00022855063665066692,0.0,0.0,0.019495967741935495,0.0
0,30.0,910.0647507925978,0.0004915309159667959,10988.229124678952,0.005934802046147476,329.4188218354691,0.00017792088931719416,0.0,0.0,0.020067935483870973,0.0
0,32.0,910.0604378383505,0.0005335151977250075,10988.281200044526,0.006441783555860526,329.4203830156538,0.0001931198126115363,0.0,0.0,0.020639903225806465,0.0
0,50.0,910.0572541541609,0.00039638349105432084,10988.31964072002,0.004786059694872039,329.4215354381132,0.00014348246001511823,0.0,0.0,0.021211870967741943,0.0
0,40.0,910.040115419707,0.00156906922646861,10988.526583158111,0.018946136489584018,329.4277394163311,0.0005679908827795467,0.0,0.0,0.02178383870967742,0.0
0,58.0,910.0341252602726,0.00046652265982549673,10988.598913411732,0.005633232955602896,329.42990782278326,0.00016888007542657698,0.0,0.0,0.022355806451612913,0.0
0,44.0,910.0296508981961,0.0008101195046253764,10988.652941294782,0.009782232934355048,329.43152753796915,0.00029326396561069306,0.0,0.0,0.02292777419354839,0.0
0,56.0,910.0216019647823,0.000912752613985288,10988.750133424917,0.011021721960518226,329.4344412847284,0.0003304229117980074,0.0,0.0,0.023499741935483882,0.0
0,62.0,910.0158526452149,0.0004871093505025943,10988.819558401183,0.005882047408864193,329.43652259315644,0.0001763393450726612,0.0,0.0,0.02407170967741936,0.0
0,58.0,910.0129065597982,0.00040063272099950456,10988.855133720923,0.004837837640705254,329.4375891144114,0.00014503472377597353,0.0,0.0,0.024643677419354852,0.0
0,52.0,910.007361622165,0.0012671066758288612,10988.922092007633,0.015301141006912055,329.439596473347,0.0004587166672717638,0.0,0.0,0.02521564516129033,0.0
0,54.0,910.001581013579,0.0008841340533378886,10988.99189699344,0.010676615533965194,329.4416891741746,0.00032007688140327033,0.0,0.0,0.025787612903225808,0.0
0,62.0,909.9954966424327,0.0009086632757858581,10989.065371099634,0.010972978139459643,329.44389187246406,0.00032896160880072176,0.0,0.0,0.0263595806451613,0.0
0,56.0,909.9875705300137,0.0019029946323901017,10989.161087353454,0.022980898444026315,329.4467613735644,0.0006889500031600565,0.0,0.0,0.026931548387096778,0.0
0,62.0,909.9778527213778,0.0006519170704517321,10989.278442435883,0.007872825445232167,329.4502795904265,0.00023602136916985131,0.0,0.0,0.02750351612903227,0.0
0,98.0,909.9750642572086,0.000407939329302144,10989.31211721145,0.004926480039997718,329.4512891348005,0.00014769215604569394,0.0,0.0,0.028075483870967748,0.0
0,68.0,909.9724024151731,0.0005571565608311911,10989.344263037628,0.006728541610376983,329.45225284242485,0.00020171660280684153,0.0,0.0,0.02864745161290324,0.0
0,82.0,909.9691447976016,0.0005635892801266818,10989.383604021068,0.006806271897247094,329.4534322554374,0.000204046898188282,0.0,0.0,0.029219419354838717,0.0
0,72.0,909.9634709864737,0.0007187799185418958,10989.452125111608,0.008680567245241437,329.45548646605323,0.000260236859128978,0.0,0.0,0.029791387096774195,0.0
0,126.0,909.9520267399732,0.001166663406412867,10989.590336803574,0.014089903318212908,329.4596299483391,0.00042240467487099094,0.0,0.0,0.030363354838709687,0.0
0,126.0,909.9452385101998,0.00071184425583893,10989.672319598632,0.00859714973325247,329.4620877307036,0.0002577360650431508,0.0,0.0,0.030935322580645165,0.0
0,142.0,909.9374231220496,0.001227838444755742,10989.766709129965,0.014829220351823689,329.46491745766434,0.0004445688419546125,0.0,0.0,0.03150729032258066,0.0
0,202.0,909.931896271362,0.0008302318410147034,10989.833460048425,0.010027255527680258,329.46691859985617,0.00030060955815976675,0.0,0.0,0.032079258064516135,0.0
0,222.0,909.9278482153999,0.0007178221451691341,10989.882351242211,0.008669679363181665,329.4683843209722,0.00025991044863908625,0.0,0.0,0.03265122580645163,0.0
0,226.0,909.9200907697308,0.0009040906224859186,10989.976044545352,0.010919562568109546,329.47119317553677,0.00032736025025813,0.0,0.0,0.033223193548387105,0.0
0,210.0,909.9155193290501,0.0003354255952200132,10990.031258478943,0.004051296468531483,329.4728484476235,0.00012145481264423591,0.0,0.0,0.03379516129032258,0.0
0,268.0,909.9118266006668,0.0005804817793682775,10990.075859726978,0.007011156232788957,329.4741855594014,0.00021018917604899215,0.0,0.0,0.034367129032258074,0.0
0,326.0,909.9018312894019,0.002142174509572782,10990.196586245625,0.025874168407112836,329.47780484937846,0.0007756880545450712,0.0,0.0,0.03493909677419355,0.0
0,382.0,909.8915188615827,0.0009157121438459226,10990.32114566987,0.011060623373039823,329.4815390469746,0.00033158914680429813,0.0,0.0,0.035511064516129044,0.0
0,432.0,909.8888041638187,0.0003562639099927286,10990.35393582127,0.004303236720295794,329.48252207098324,0.00012900779137284943,0.0,0.0,0.03608303225806452,0.0
0,476.0,909.8869618281345,0.0002401432232804983,10990.376189047494,0.0029006506136497064,329.4831892059221,8.695931772434892e-05,0.0,0.0,0.036655000000000014,0.0
0,414.0,909.88486659553,0.0005291339118434956,10990.401497081573,0.006391354114029013,329.4839479216965,0.00019160797597624177,0.0,0.0,0.03722696774193549,0.0
0,390.0,909.8817627313513,0.0007957151083320369,10990.438988455928,0.0096114271033361,329.4850718848236,0.0002881433356169011,0.0,0.0,0.03779893548387097,0.0
0,470.0,909.8734790081122,0.0013324266550870786,10990.539048267268,0.016094660264044217,329.4880716025025,0.00048250577611936934,0.0,0.0,0.03837090322580646,0.0
0,498.0,909.8621147310878,0.0006208574518688224,10990.676321279938,0.007499641212378015,329.49218694389094,0.00022483358731796251,0.0,0.0,0.03894287096774194,0.0
0,694.0,909.8544198638263,0.0011035063608395412,10990.769272200012,0.013330017798903344,329.4949735423712,0.0003996238801179624,0.0,0.0,0.03951483870967743,0.0
0,880.0,909.8483717235022,0.0007468224455651074,10990.842332403143,0.009021519123388565,329.4971638321591,0.00027045833929469824,0.0,0.0,0.04008680645161291,0.0
0,998.0,909.8423223264019,0.0006108855016743133,10990.915408765797,0.007379510627439521,329.49935460639733,0.0002212321629853474,0.0,0.0,0.0406587741935484,0.0
0,1088.0,909.8376345732828,0.0008144508322233259,10990.972037222939,0.009838687880278186,329.50105228483324,0.0002949564423146784,0.0,0.0,0.04123074193548388,0.0
0,1150.0,909.8318348710496,0.0007849279585637997,10991.042098922317,0.009482163127914207,329.50315268174006,0.000284268099128364,0.0,0.0,0.04180270967741936,0.0
0,1278.0,909.826164585215,0.0012308765075051368,10991.110598118763,0.01486956556863007,329.50520623598743,0.0004457783611157145,0.0,0.0,0.04237467741935485,0.0
0,1166.0,909.8032790895537,0.00016984160435937638,10991.387072167312,0.0020518660356371333,329.51349471944616,6.151339622678662e-05,0.0,0.0,0.04294664516129033,0.0
0,1170.0,909.8016188191556,0.0003689869968273543,10991.407130029938,0.004457769016489764,329.51409603904006,0.00013364055307214028,0.0,0.0,0.04351861290322582,0.0
0,974.0,909.7996081224786,0.00028121645982903426,10991.431421516658,0.003397419201185406,329.51482427949134,0.00010185206532005332,0.0,0.0,0.0440905806451613,0.0
0,786.0,909.7978935284025,0.00032440420073232587,10991.452135835358,0.003919193547776845,329.51544527914314,0.00011749446670523769,0.0,0.0,0.04466254838709679,0.0
0,705.0,909.7955295924776,0.00032902341615151164,10991.480695097043,0.003975019408920891,329.5163014642691,0.00011916808391583388,0.0,0.0,0.045234516129032266,0.0
0,580.0,909.7918042949744,0.0012634587358989916,10991.525701606635,0.01526432004087188,329.51765072548284,0.0004576128024683859,0.0,0.0,0.045806483870967744,0.0
0,464.0,909.7811438755182,0.0015050571610100275,10991.654495529565,0.018183580269994545,329.5215118701557,0.0005451300224319672,0.0,0.0,0.046378451612903236,0.0
0,398.0,909.7700287861759,0.0020465175268549384,10991.788785779963,0.024725837838156895,329.5255377905811,0.000741261970159832,0.0,0.0,0.046950419354838714,0.0
0,360.0,909.765288766205,0.0005738134756609409,10991.846054673795,0.006932852661092119,329.52725466882595,0.00020784169401872715,0.0,0.0,0.047522387096774206,0.0
0,224.0,909.7611021757897,0.0003336842472366532,10991.896637573635,0.004031633488472883,329.52877110601344,0.00012086533132514537,0.0,0.0,0.048094354838709684,0.0
0,285.0,909.7576422441468,0.00032674396823420483,10991.938441246579,0.00394780975777084,329.5300243486001,0.00011835235909557135,0.0,0.0,0.048666322580645176,0.0
0,152.0,909.7536742637279,0.0005534522251253572,10991.986383673355,0.006687015863416815,329.53146162639655,0.00020047169224152858,0.0,0.0,0.049238290322580654,0.0
0,120.0,909.7494365296127,0.000354087877673915,10992.037585808397,0.004278262388306737,329.5329966277885,0.00012825907973459952,0.0,0.0,0.04981025806451613,0.0
0,84.0,909.7455122714495,0.00042858164982439604,10992.085000819905,0.00517837347246727,329.5344180940731,0.00015524373117986113,0.0,0.0,0.05038222580645162,0.0
0,88.0,909.741432324114,0.0008362597546652782,10992.134297392036,0.01010428480176287,329.5358959681261,0.0003029188377068271,0.0,0.0,0.0509541935483871,0.0
0,82.0,909.7283723819473,0.00429077414235218,10992.292099277276,0.05184576948086,329.5406267496315,0.0015542970669656865,0.0,0.0,0.05152616129032259,0.0
0,80.0,909.7167291644533,0.0006208536188430666,10992.432786400826,0.007501997850305959,329.5448444434893,0.00022490423754515108,0.0,0.0,0.05209812903225807,0.0
0,66.0,909.7141192094596,0.00044654883267203723,10992.464323509012,0.00539583946749384,329.5457899022074,0.00016176319769009253,0.0,0.0,0.05267009677419356,0.0
0,58.0,909.7108081516022,0.0006388174916993208,10992.504332583947,0.007719167915465198,329.54698934409913,0.00023141483230301133,0.0,0.0,0.05324206451612904,0.0
0,52.0,909.7071041840488,0.000566826436869127,10992.549089713075,0.006849312902358901,329.5483311290745,0.0002053372350657082,0.0,0.0,0.05381403225806452,0.0
0,40.0,909.7027245099089,0.0005430704483280587,10992.602012257288,0.006562317600097256,329.5499177070359,0.00019673333234614397,0.0,0.0,0.05438600000000001,0.0
0,50.0,909.6934422540778,0.0020030752100695668,10992.714177723487,0.024205127615020302,329.5532803431173,0.0007256514703859259,0.0,0.0,0.05495796774193549,0.0
0,38.0,909.6790386695004,0.0007550145365671317,10992.888233011196,0.009123866968931785,329.5584983893703,0.0002735266505101955,0.0,0.0,0.05552993548387098,0.0
0,54.0,909.6750151368178,0.0005954487376183334,10992.93685503746,0.007195673246997478,329.559956041047,0.0002157208569730646,0.0,0.0,0.05610190322580646,0.0
0,40.0,909.6700448400577,0.001233250888675513,10992.996918763685,0.01490334107443733,329.56175670625913,0.0004467909253164747,0.0,0.0,0.05667387096774195,0.0
0,46.0,909.6645817266732,0.0007670191040328243,10993.062938677554,0.009269217147645677,329.5637359334847,0.00027788413924548987,0.0,0.0,0.05724583870967743,0.0
0,36.0,909.6608498725627,0.000864312350946246,10993.10803736355,0.010445076366038555,329.56508795807747,0.00031313551178564525,0.0,0.0,0.057817806451612906,0.0
0,38.0,909.6565319928566,0.000542384754123806,10993.16021850111,0.006554699053348625,329.56665230922647,0.00019650493407171823,0.0,0.0,0.0583897741935484,0.0
0,62.0,909.6471821275394,0.002375334515437733,10993.273212455368,0.02870644829474421,329.5700397827551,0.0008605976694714435,0.0,0.0,0.058961741935483876,0.0
0,42.0,909.6334928189874,0.0015817636933267436,10993.438653011635,0.019116527540317927,329.57499956585673,0.0005730990779648179,0.0,0.0,0.05953370967741937,0.0
0,30.0,909.6277050153046,0.0004974798660978052,10993.508602329499,0.0060124040265578564,329.5770965936505,0.00018024733816222348,0.0,0.0,0.060105677419354846,0.0
0,30.0,909.6242621141694,0.00038637984107079017,10993.550212435603,0.004669716084449165,329.57834403324915,0.0001399945663160003,0.0,0.0,0.06067764516129034,0.0
0,34.0,909.6203295677462,0.0005669852281032586,10993.597740670451,0.0068525416532595656,329.5797688938841,0.00020543403057651972,0.0,0.0,0.061249612903225815,0.0
0,40.0,909.6100601020113,0.0023734954898739966,10993.721858074661,0.028686470869020278,329.58348984005295,0.0008599987613066517,0.0,0.0,0.06182158064516131,0.0
0,30.0,909.5948411832909,0.00039531888820701957,10993.905799853592,0.004778058116532643,329.58900427585644,0.0001432425787255476,0.0,0.0,0.062393548387096785,0.0
0,32.0,909.5905781281188,0.0005302055616058272,10993.957325924352,0.006408439675352381,329.5905489885969,0.0001921201882232885,0.0,0.0,0.06296551612903226,0.0
0,18.0,909.586760326932,0.0007261505204235848,10994.003470776202,0.008776838686577186,329.59193237645286,0.00026312300433441513,0.0,0.0,0.06353748387096775,0.0
0,168.0,909.582325528632,0.00046095976644429127,10994.057073603268,0.005571587142198857,329.5935393487811,0.0001670319804272831,0.0,0.0,0.06410945161290324,0.0
0,28.0,909.5770069143931,0.00023620745510265283,10994.12135969027,0.0028550550693131568,329.5954665971848,8.559239769469569e-05,0.0,0.0,0.06468141935483873,0.0
0,14.0,909.5731622728084,0.0009634304250919518,10994.167830351967,0.011645146521595673,329.5968597525743,0.00034911270994903923,0.0,0.0,0.0652533870967742,0.0
0,24.0,909.5672496281247,0.00166531814767382,10994.23929799804,0.02012924772649265,329.59900229870266,0.0006034596653616291,0.0,0.0,0.06582535483870969,0.0
0,34.0,909.5613206091188,0.0006797827823662424,10994.310964442444,0.008216865008685764,329.6011508046551,0.0002463354158019509,0.0,0.0,0.06639732258064518,0.0
0,32.0,909.553719602772,0.0014832626386353002,10994.402842301472,0.01792926189770496,329.60390523357444,0.0005375057494467214,0.0,0.0,0.06696929032258064,0.0
0,14.0,909.5440374982203,0.0006158951926287046,10994.519877795527,0.007444906939408901,329.6074138694181,0.00022319269509647803,0.0,0.0,0.06754125806451614,0.0
0,24.0,909.5415631562007,0.0003890238148090319,10994.549787588403,0.004702524118515802,329.60831054245045,0.00014097812642894074,0.0,0.0,0.06811322580645163,0.0
0,16.0,909.5391061404664,0.0003846367083211012,10994.579488105506,0.004649518201446074,329.6092009415531,0.00013938904901061747,0.0,0.0,0.06868519354838712,0.0
0,26.0,909.5372256124735,0.0003006759413384322,10994.602220120447,0.003634610944618717,329.60988243021654,0.00010896289488263448,0.0,0.0,0.06925716129032258,0.0
0,30.0,909.5349697811669,0.0005061379263863294,10994.629488967408,0.006118287302040008,329.61069992968226,0.00018342163890497219,0.0,0.0,0.06982912903225807,0.0
0,28.0,909.5317193279691,0.000872418660788589,10994.668781203101,0.010546049975614235,329.61187788128575,0.0003161626541707159,0.0,0.0,0.07040109677419357,0.0
0,28.0,909.5115796750135,0.00041619868981081736,10994.9122402326,0.005031344741103623,329.6191765993617,0.0001508359207010906,0.0,0.0,0.07097306451612903,0.0
0,36.0,909.5089035105013,0.0005990789739067675,10994.944591973286,0.007242196200434125,329.6201464801478,0.0002171155800339658,0.0,0.0,0.07154503225806452,0.0
0,18.0,909.5054480083281,0.00047032948909580944,10994.986365283552,0.00568580177671454,329.62139881248413,0.00017045604904449634,0.0,0.0,0.07211700000000001,0.0
0,40.0,909.5017332267693,0.0005298579254224312,10995.031273359935,0.006405489620660059,329.62274512274445,0.00019203174780718654,0.0,0.0,0.0726889677419355,0.0
0,16.0,909.4968806879881,0.0005299145337776367,10995.089936360095,0.006406241970535945,329.6245037952457,0.00019205430269200266,0.0,0.0,0.073260935483871,0.0
0,34.0,909.4913552024009,0.0005777947079683565,10995.156735468483,0.006985163940546116,329.6265063821352,0.0002094099467290493,0.0,0.0,0.07383290322580646,0.0
0,30.0,909.4856102018241,0.0009697997422132802,10995.226189221694,0.011724397320548769,329.6285885532745,0.00035148858912836535,0.0,0.0,0.07440487096774195,0.0
0,26.0,909.481144556082,0.0007433822313542151,10995.280176905357,0.008987206186712436,329.63020706331315,0.0002694296633303536,0.0,0.0,0.07497683870967745,0.0
0,22.0,909.4750139384929,0.0012609052011727973,10995.354294247289,0.015244087613881033,329.632429045325,0.0004570062495629798,0.0,0.0,0.07554880645161291,0.0
0,22.0,909.4648630903955,0.001912738944789294,10995.477017181134,0.02312509893531205,329.636108186324,0.0006932730251391252,0.0,0.0,0.0761207741935484,0.0
0,20.0,909.4591064117251,0.0005898588452612531,10995.546616119169,0.007131513356042849,329.63819470999476,0.00021379739182516945,0.0,0.0,0.0766927419354839,0.0
0,22.0,909.4553025229822,0.00038287657075284926,10995.592606101794,0.004629094213407014,329.63957345498824,0.0001387767532599059,0.0,0.0,0.07726470967741939,0.0
0,24.0,909.4521484647499,0.0007041510258461103,10995.630739766837,0.00851345817920504,329.64071667350584,0.00025522705537128033,0.0,0.0,0.07783667741935485,0.0
0,26.0,909.4489491566407,0.00036812875312765536,10995.669420779404,0.004450850921087787,329.6418763010894,0.0001334331537822815,0.0,0.0,0.07840864516129034,0.0
0,26.0,909.4435790301428,0.00044803700790173225,10995.734348541686,0.00541704249241218,329.64382278643404,0.00016239884839309773,0.0,0.0,0.07898061290322583,0.0
0,28.0,909.4340938692269,0.0010343653253269858,10995.849031200823,0.012506378920791709,329.6472608860613,0.0003749318077336332,0.0,0.0,0.0795525806451613,0.0
0,8.0,909.4236371135992,0.0011196433869967999,10995.975463925646,0.013537786706257484,329.651051243796,0.0004058526352520294,0.0,0.0,0.08012454838709679,0.0
0,28.0,909.4147682184241,0.0008138451427052005,10996.082700084542,0.009840506398736947,329.6542661029622,0.0002950109601312533,0.0,0.0,0.08069651612903228,0.0
0,24.0,909.4067684377007,0.0010410680316959699,10996.179429357479,0.012588162851815079,329.65716597361154,0.0003773836283065374,0.0,0.0,0.08126848387096777,0.0
0,16.0,909.3986106200558,0.001000543612359124,10996.278071278113,0.0120983964264844,329.66012318399646,0.0003627008002494763,0.0,0.0,0.08184045161290324,0.0
0,12.0,909.3897615452333,0.0008190514266014905,10996.385073674162,0.009903999024380475,329.66333103512886,0.0002969144211622542,0.0,0.0,0.08241241935483873,0.0
0,24.0,909.381519038044,0.0011858267731949073,10996.484743383768,0.01433934027088512,329.66631905785187,0.00042988260658325056,0.0,0.0,0.08298438709677422,0.0
0,26.0,909.3689858561468,0.0019331071401544498,10996.636300093804,0.023376308485621146,329.67086261371463,0.0007008040979894143,0.0,0.0,0.08355635483870968,0.0
0,26.0,909.3614775227003,0.0005479018113437082,10996.727096078248,0.006625665313223371,329.67358460885004,0.00019863244901553988,0.0,0.0,0.08412832258064518,0.0
0,30.0,909.3592422497977,0.0004217414183266626,10996.75412685275,0.0051000604410286424,329.6743949710829,0.00015289596555667143,0.0,0.0,0.08470029032258067,0.0
0,40.0,909.3565063330865,0.000532610511485986,10996.787212011817,0.006440822549582816,329.675386839199,0.00019309100236612054,0.0,0.0,0.08527225806451616,0.0
0,18.0,909.3526880309039,0.0007238249046850251,10996.833386680979,0.00875324108214276,329.67677112095555,0.00026241556594318755,0.0,0.0,0.08584422580645162,0.0
0,22.0,909.3436299917485,0.0016164311566175048,10996.942926979475,0.019547956894300767,329.6800550564891,0.0005860330046171826,0.0,0.0,0.08641619354838712,0.0
0,30.0,909.3347974063117,0.0010636085866920493,10997.049742885238,0.01286275696589586,329.6832573167834,0.00038561575274672873,0.0,0.0,0.08698816129032261,0.0
0,22.0,909.3302341113465,0.0005193621527027293,10997.10492940541,0.006280974152732184,329.6849117670364,0.0001882988679890929,0.0,0.0,0.08756012903225807,0.0
0,22.0,909.3266653181824,0.0007718877579103785,10997.148089249207,0.009335000114969292,329.6862056666023,0.00027985626299389997,0.0,0.0,0.08813209677419356,0.0
0,20.0,909.3194593811893,0.0007404009960974738,10997.235236571132,0.008954352444931575,329.68881827758713,0.0002684447329204367,0.0,0.0,0.08870406451612906,0.0
0,36.0,909.3159029569084,0.0005763922154759036,10997.27824784112,0.006970893714934921,329.69010772302227,0.00020898213612902052,0.0,0.0,0.08927603225806455,0.0
0,18.0,909.3117758507627,0.0006253211582131358,10997.328161343354,0.007562710303444253,329.6916040921745,0.00022672435110235949,0.0,0.0,0.08984800000000001,0.0
0,22.0,909.307214655505,0.00041952394268999756,10997.383325272167,0.005073825448340065,329.69325786515566,0.0001521094602552129,0.0,0.0,0.0904199677419355,0.0
0,20.0,909.3036629228405,0.0006704347623138611,10997.426280965057,0.008108470329828152,329.6945456444313,0.00024308582506937364,0.0,0.0,0.090991935483871,0.0
0,20.0,909.298326332016,0.0010259125242554799,10997.490823887634,0.012407882702377946,329.6964805925718,0.0003719789653904269,0.0,0.0,0.09156390322580646,0.0
0,28.0,909.2863563535475,0.0015453086133253124,10997.635596481663,0.01869020419601902,329.70082076575335,0.0005603182256458817,0.0,0.0,0.09213587096774195,0.0
0,22.0,909.2769216664532,0.00023161978564360073,10997.749708277446,0.0028014535175930736,329.70424175132786,8.398546359917433e-05,0.0,0.0,0.09270783870967744,0.0
0,18.0,909.2742834631077,0.0002920696613472087,10997.781617571465,0.0035326177248641674,329.70519836789646,0.00010590521509359031,0.0,0.0,0.09327980645161293,0.0
0,22.0,909.2727704054748,0.0001787358815934089,10997.799918214921,0.0021618391661860845,329.70574700738507,6.481030773559685e-05,0.0,0.0,0.0938517741935484,0.0
0,14.0,909.2714889407728,0.00023574051968852427,10997.815417758076,0.002851327782425826,329.70621167199903,8.548065643771601e-05,0.0,0.0,0.09442374193548389,0.0
0,28.0,909.2693481190465,0.00032327840478264623,10997.840271282848,0.004488583649586773,329.70698794609245,0.00011722286096813854,0.0,0.0,0.09499570967741938,0.0
0,36.0,909.2641740216498,0.0017533143832083441,10997.903893878789,0.021207056314595372,329.70886411936937,0.0006357715539460452,0.0,0.0,0.09556767741935485,0.0
0,16.0,909.2535809427078,0.000814086221725969,10998.032022750009,0.009846927117353176,329.71270532629364,0.0002952034484245975,0.0,0.0,0.09613964516129034,0.0
0,30.0,909.2492693708424,0.0005885450663891973,10998.084174347172,0.007118915621635193,329.71426879184384,0.0002134197212523101,0.0,0.0,0.09671161290322583,0.0
0,22.0,909.244930185819,0.0013462381898788132,10998.13666046866,0.016283991697311918,329.715842286181,0.0004881817896960233,0.0,0.0,0.09728358064516132,0.0
0,32.0,909.2370575458483,0.001097127249118623,10998.23188795878,0.013270971001848765,329.71869713451423,0.0003978537016719989,0.0,0.0,0.09785554838709679,0.0
0,28.0,909.23094646139,0.0009324982354332532,10998.30580880384,0.011279745325912378,329.72091322569815,0.0003381582576897879,0.0,0.0,0.09842751612903228,0.0
0,18.0,909.2269158546551,0.0005561771191990377,10998.354564332209,0.006727733305299791,329.72237487966714,0.0002016923704269873,0.0,0.0,0.09899948387096777,0.0
0,18.0,909.2236677743902,0.0005469948053804996,10998.3938544866,0.006616707120759343,329.7235527688632,0.00019836388915938654,0.0,0.0,0.09957145161290323,0.0
0,26.0,909.2187540538213,0.00048529236125750526,10998.453293464401,0.0058703852494669945,329.72533470458876,0.00017598972233898153,0.0,0.0,0.10014341935483873,0.0
0,18.0,909.2146619023855,0.0006730935745918051,10998.502794798853,0.008142218604803794,329.7268187172617,0.00024409757291864366,0.0,0.0,0.10071538709677422,0.0
0,16.0,909.1984837187969,0.002578702761806911,10998.698501100129,0.03119486059852749,329.73268584457236,0.0009351983935804594,0.0,0.0,0.10128735483870971,0.0
0,22.0,909.1890135299584,0.0005603201333098617,10998.813064379701,0.00677841133175694,329.7361203652903,0.00020321165944435512,0.0,0.0,0.10185932258064517,0.0
0,14.0,909.1862798529389,0.0004852386196713692,10998.846134832072,0.005870153687151626,329.7371117925106,0.00017598278028056513,0.0,0.0,0.10243129032258066,0.0
0,24.0,909.1834238456177,0.00043660792149042307,10998.880685378994,0.00528187712945582,329.73814759184927,0.00015834669275167492,0.0,0.0,0.10300325806451616,0.0
0,26.0,909.1785807247055,0.0010765262610638604,10998.939275541476,0.013023468591357737,329.73990408073183,0.00039043376606926145,0.0,0.0,0.10357522580645162,0.0
0,10.0,909.1701702881434,0.0015851632487981094,10999.041023157522,0.01917713476801332,329.7429543975228,0.0005749160369376625,0.0,0.0,0.10414719354838711,0.0
0,20.0,909.1587689672202,0.0023331552585097613,10999.178956856555,0.0282269084180987,329.74708954579023,0.000846221425633546,0.0,0.0,0.1047191612903226,0.0
0,8.0,909.1532193092446,0.0006509286427475977,10999.246098037152,0.007875162104844482,329.74910238774675,0.00023609142045533015,0.0,0.0,0.1052911290322581,0.0
0,37.0,909.1474168975025,0.0004617704810082536,10999.316298041005,0.00558672742075269,329.7512069309173,0.00016748587456821457,0.0,0.0,0.10586309677419356,0.0
0,12.0,909.14370721335,0.0007959864970437438,10999.361179828255,0.009630314609668697,329.75255245304913,0.00028870956880577375,0.0,0.0,0.10643506451612905,0.0
0,12.0,909.1403927726966,0.0005979888370203527,10999.401280044687,0.007234876249252564,329.7537546272943,0.00021689613340896167,0.0,0.0,0.10700703225806454,0.0
0,28.0,909.1362549268918,0.000686781068380234,10999.451342758142,0.008309223020574779,329.7552554696864,0.0002491042393480511,0.0,0.0,0.107579,0.0
